1 - 1
1

//2 - 2
1 1
2

//3 - 4
1 1 1 

1 2
2 1

3

//4 - 7
1 1 1 1 

1 1 2  -> 3C1
1 2 1
2 1 1

1 3  -> 2C1 
3 1

2 2 2C2

5 - 
1 1 1 1 1 5C5

1 1 1 2 4C1
1 1 2 1
1 2 1 1
2 1 1 1

1 1 3 3C1
1 3 1
3 1 1

1 2 2 3C1
2 1 2 
2 2 1

2 3  2C1
3 2

6
1 1 1 1 1 1

1 1 1 1 2 5C1
1 1 1 2 1
1 1 2 1 1 
1 2 1 1 1 
2 1 1 1 1

1 1 1 3  4C1
1 1 3 1
1 3 1 1
3 1 1 1

 
1 2 2 1 4C2 * 2C2
2 1 2 1
2 2 1 1
1 1 2 2
1 2 1 2
2 1 1 2

1 2 3 3C1*2C1
2 1 3
3 1 2
3 2 1
1 3 2
2 3 1

2 2 2 3C3

3 3 2C1

7
1 사용하는 수가 1개인 경우
2
3
1,2 사용하는 수가 2개인 경우 // 2가 1개일떄, 2개일때, 3개일때
1,3                    // 3이 1개일떄, 2개일때
2,3                    // 3이 1개일떄
1,2,3 사용하는 수가 3개인 경우


